"x" <-
structure(c(31.6051,-32.6502,-32.3851,0,-16.331,0,-48.903,-16.331,29.8493,-16.331,-16.4995,-32.3851,-32.6502,14.3913,0,0,31.6051,-48.903,-20,29.7364,-48.903,0,-16.331,-16.331,31.6051,31.6051,-16.331,-16.331,-32.3851,29.8493,-48.903,-16.331,-32.6502,0,-16.4995,0,0,-32.8363,0,29.7364,-32.3851,29.8493,14.3913,14.3913,-48.903,-16.331,14.3913,-16.331,0,29.8493,0,0,29.8493,-48.903,-32.6502,-32.3851,-16.331,29.7364,-48.903,0,29.8493,29.7364,-32.6502,0,-40,-32.3851,-32.6502,0,-48.903,14.3913,-32.6502,-32.3851,-32.3851,30.5702,-34.2309,-38.7196,2.46506,-38.0069,3.15656,-38.33,-18.9633,1.49613,-18.6257,-17.5067,-33.851,-40.1168,22.3161,29.0635,29.8687,26.8398,-61.1436,-25.9767,6.29305,-55.6589,1.96074,-23.6053,-30.1815,31.8437,36.4325,-37.643,-20.8845,-28.1866,-1.55424,-56.4695,-20.8079,-34.9372,5.81273,-18.156,16.7561,-1.39595,-38.2123,8.66828,26.4868,-31.801,2.57344,28.4186,12.4645,-32.6135,-25.7604,24.0651,-17.2433,-0.504457,-0.855553,26.711,2.56719,-1.2961,-46.5772,-32.2455,-27.5221,-16.1732,32.0231,-47.5106,17.7641,-1.37956,36.8757,-33.3506,0.583099,-43.3197,-35.1273,-42.7494,17.7428,-53.6787,23.2362,-41.9512,-41.0312,-36.2456), .Dim=c(73,2))
"n" <-
73
