"x" <-
structure(c(-90,-89,-88,-87,-86,-85,-84,-83,-82,-81,-80,-79,-78,-77,-76,-75,-74,-73,-72,-71,-70,-69,-68,-67,-66,-65,-64,-63,-62,-61,-60,-59,-58,-57,-56,-55,-54,-53,-52,-51,-50,-49,-48,-47,-46,-45,-44,-43,-42,-41,-40,-39,-38,-37,-36,-35,-34,-33,-32,-31,-30,-29,-28,-27,-26,-25,-24,-23,-22,-21,-20,-19,-18,-17,-16,-15,-14,-13,-12,-11,-10,-9,-8,-7,-6,-5,-4,-3,-2,-1,0,1,2,3,4,5,6,7,8,9,10,11,12,13,14,15,16,17,18,19,20,21,22,23,24,25,26,27,28,29,30,31,32,33,34,35,36,37,38,39,40,41,42,43,44,45,46,47,48,49,50,51,52,53,54,55,56,57,58,59,60,61,62,63,64,65,66,67,68,69,70,71,72,73,74,75,76,77,78,79,80,81,82,83,84,85,86,87,88,89,90,-76.4497,-88.5871,-82.5489,-72.7722,-67.0091,-87.6764,-62.9934,-68.0986,-74.4787,-74.8522,-74.1761,-74.1311,-69.9695,-68.7871,-60.1394,-52.2302,-61.9309,-67.7971,-58.5481,-62.0677,-73.2977,-52.6078,-58.1294,-58.9483,-54.2475,-55.8859,-67.0149,-58.3234,-57.2605,-60.2201,-37.179,-61.8573,-57.0382,-58.42,-62.1421,-51.4224,-51.3407,-32.3993,-49.2902,-56.5421,-28.9654,-31.7532,-45.4963,-57.3616,-45.8463,-42.0594,-36.8393,-41.3116,-33.3658,-32.9811,-48.5068,-44.5796,-41.6111,-38.3782,-35.6058,-31.3753,-60.8918,-34.2701,-16.3755,-38.567,-17.6627,-22.5968,-25.4901,-22.4755,-39.0506,-23.3454,-5.56054,-19.7165,-19.3863,-26.2417,-18.3081,-14.7765,-11.9361,-19.0281,-16.7645,6.73691,-35.1835,10.5945,-7.42436,0.100608,-25.6416,-14.0003,-9.98064,-2.07284,-22.102,0.216343,-15.7285,-2.0381,4.72356,2.3706,10.8263,10.9608,-4.70908,5.27056,-5.84378,-8.71789,14.6483,6.3005,6.65081,17.2113,14.9458,13.402,23.3025,20.9979,14.9976,6.59639,7.88446,27.221,0.0816961,16.8554,-1.48847,29.105,28.4172,20.7116,20.8916,-2.36284,29.2117,2.37565,2.0072,26.8993,17.5152,32.0149,35.5698,38.2773,23.6884,35.9938,33.4063,41.5607,39.5616,44.0789,34.6806,35.428,47.8777,17.4634,34.5541,27.7941,37.5742,48.7868,51.4573,33.9506,40.2893,47.2702,43.8814,50.7182,52.5993,40.2004,48.6317,29.9791,63.6536,46.8091,41.9615,52.3606,41.5135,56.4914,51.9934,80.2778,70.7847,35.3311,65.6133,48.1186,60.4494,65.544,72.2773,62.9695,82.363,62.6906,71.6751,75.9473,71.0519,79.9095,75.2321,65.0585,55.7463,93.2859,69.5547,77.5336,83.0317,79.436,70.1527,75.4229,79.7511), .Dim=c(181,2))
"n" <-
181
