"x" <-
structure(c(-12.2093,-11.7155,-11.7519,-13.0404,-13.2776,-11.2711,-11.5667,-11.6526,-12.4594,-12.9063,-13.1177,-12.7197,-13.0648,-12.6615,-11.3304,-12.5236,-11.9589,-11.7155,-0.197024,1.39546,0.385799,-0.209043,1.52907,1.80523,3.13493,1.74942,3.08978,3.7071,5.57833,5.24799,-1.74168,5.55212,1.65983,3.97762,0.348799,1.03056), .Dim=c(18,2))
"n" <-
18
