"x" <-
structure(c(12.2169,11.7172,11.748,13.0506,13.2815,11.271,11.569,11.6483,12.4732,12.9085,13.1322,12.7271,13.0714,12.6634,11.3396,12.5201,11.9635,11.7261,0.324822,0.496847,0.309035,0.201451,0.660816,0.545302,0.699284,0.486812,0.685522,0.730686,0.773906,0.755698,0.175973,0.810866,0.502103,0.751213,0.378639,0.441576), .Dim=c(18,2))
"n" <-
18
