"x" <-
structure(c(-90,-89,-88,-87,-86,-85,-84,-83,-82,-81,-80,-79,-78,-77,-76,-75,-74,-73,-72,-71,-70,-69,-68,-67,-66,-65,-64,-63,-62,-61,-60,-59,-58,-57,-56,-55,-54,-53,-52,-51,-50,-49,-48,-47,-46,-45,-44,-43,-42,-41,-40,-39,-38,-37,-36,-35,-34,-33,-32,-31,-30,-29,-28,-27,-26,-25,-24,-23,-22,-21,-20,-19,-18,-17,-16,-15,-14,-13,-12,-11,-10,-9,-8,-7,-6,-5,-4,-3,-2,-1,0,1,2,3,4,5,6,7,8,9,10,11,12,13,14,15,16,17,18,19,20,21,22,23,24,25,26,27,28,29,30,31,32,33,34,35,36,37,38,39,40,41,42,43,44,45,46,47,48,49,50,51,52,53,54,55,56,57,58,59,60,61,62,63,64,65,66,67,68,69,70,71,72,73,74,75,76,77,78,79,80,81,82,83,84,85,86,87,88,89,90,-97.6602,-81.2203,-64.5679,-62.1745,-93.3141,-63.3787,-63.5,-74.3511,-83.4414,-82.4272,-68.4455,-44.5127,-71.8493,-70.2353,-79.2095,-63.6959,-54.3295,-38.3998,-61.291,-75.5593,-42.3212,-54.7528,-73.3085,-56.2683,-66.7041,-69.4648,-56.0598,-60.9934,-49.6309,-52.5837,-59.5053,-49.6076,-63.5387,-58.8587,-46.2405,-50.6616,-40.0531,-34.6298,-53.0836,-39.3582,-37.1092,-42.8938,-37.7112,-49.6543,-45.0258,-47.547,-29.4566,-26.0006,-21.5667,-35.0336,-39.5063,-29.3427,-33.2693,-35.2852,-40.5204,-36.5503,-29.0302,-39.1526,-31.2485,-24.7574,-33.7862,-14.946,-38.4237,-29.8152,-34.6533,-19.7174,-15.0011,-15.2318,-28.9308,-7.75685,-14.7004,-13.1506,-13.5567,-23.4718,-28.3879,-18.8393,-13.1221,-14.6368,-2.2288,-10.7658,-8.02094,-4.6204,-15.7628,0.610304,5.88852,9.8047,4.9224,14.2484,4.24081,3.15187,3.09615,7.87796,5.969,-1.18723,0.334331,-3.14481,-6.08588,15.2522,10.9144,6.17872,7.7713,17.4088,12.609,10.4121,-2.88755,22.5619,21.3311,25.234,8.34395,21.5754,19.6934,18.7351,32.77,19.7414,32.0728,16.7759,25.0657,16.0854,14.0893,17.4617,35.0365,32.1241,37.4356,11.9327,21.8468,34.4739,29.2818,35.113,44.4913,40.1199,9.23227,54.4369,32.2271,36.4992,55.3335,33.0169,35.6246,45.5493,23.7658,46.9321,35.4444,25.5753,25.4311,47.815,57.3894,63.7679,59.0744,53.5513,52.5625,55.967,62.9069,35.0701,48.5675,74.1174,55.0973,60.444,71.0087,62.1222,67.1225,57.3471,55.1149,66.4329,79.8852,48.0867,60.4316,56.0986,99.0811,74.2144,68.7301,61.6873,84.1144,61.2338,78.3403,50.4473,74.0247,93.5892,66.453,66.3253,66.4489,82.3592,78.1066), .Dim=c(181,2))
"n" <-
181
