"x" <-
structure(c(-12.3377,-13.3646,-12.7359,-13.3349,-11.5625,-11.4383,-11.5083,-15.7382,-11.8158,-11.1598,-15.7148,-10.9892,-7.36226,-7.33873,-11.3967,-13.753,-10.1283,-7.10867,-13.4862,-11.9871,-6.63754,-9.59601,-12.7886,-9.66204,-11.5563,-15.0082,-9.45182,-11.1621,-14.6052,-9.52948,-10.7902,-12.6211,-11.3463,-14.0299,-12.4972,-15.4532,-16.1197,-10.699,-11.3347,-12.3668,-14.8654,-13.8015,-13.8605,-16.4194,-9.31489,-8.05615,-13.9336,-8.84021,-16.1417,-16.7495,3.87394,1.48014,3.33519,3.38829,5.00421,4.64635,2.72088,4.58865,4.98778,1.41345,1.97601,-0.890413,2.34522,1.72307,2.72564,1.45837,0.539409,-1.10365,4.31211,1.76496,-2.36958,-0.0841706,2.18314,1.79557,1.47239,2.64919,3.24504,4.06266,3.07994,2.27701,0.0958378,-0.363039,1.80071,2.0631,1.1556,2.62256,1.37421,-1.63159,-3.59208,-0.719061,0.900957,0.465912,4.84979,3.8088,2.6308,-0.156831,1.60826,0.133626,1.90578,2.6674), .Dim=c(50,2))
"n" <-
50
