"x" <-
structure(c(-72,-45,-47.2063,64,79.5,-62,-29.8493,48.7386,-45.7078,-62,-15.0586,-0,-29.7364,-15.4774,-31.6051,63.541,17.6105,-14.3913,45,25,-32.0742,59.1133,48.3668,-0,59.1133,-45,-29.8493,59.1133,15,-29.7364,17.6105,-5,32.8363,-29.8493,-5,47.0622,25,-29.8493,-29.8493,63.541,-60.6586,64,-32.0742,-25,32.3851,48.3668,15,-44.8359,32.8363,16.4275,47.0622,-45,-60.1839,-45.7348,32.8363,64,-0,-72,-15.4774,16.4275,-74.269,-62,-0,60.6091,5,-0,59.1133,35,32.8363,-15.4774,79.5,63.541,-15.0586,63.541,-60.6586,-5,74.7367,79.5,75.3083,63.541,-31.6051,-16.4259,5,48.7386,-60.6586,-29.7364,-74.269,-0,32.3851,32.8363,-72,16.4275,32.8363,59.1133,-62,79.5,-72,25,32.3851,15,-60.1839,32.3851,-0,17.0864,-44.035,33.6915,43.1342,65.1912,18.0955,31.4348,-27.5223,48.7852,-41.7788,22.1852,19.4413,30.3594,-11.9329,0.826983,35.4552,25.9642,34.6395,16.6771,21.119,3.90012,9.41438,40.4863,47.3681,43.0343,52.3452,53.0165,52.207,26.8322,21.2266,21.4634,18.3314,13.9426,-66.492,4.8615,32.3193,14.4289,36.8986,38.3594,43.8278,30.7429,33.8132,28.0943,33.1935,35.1494,61.4303,18.3539,6.31461,31.8659,5.54529,25.0689,25.3064,26.0726,31.0087,45.2622,48.697,29.1103,18.9833,-9.57636,33.5578,37.7263,5.01293,40.2178,41.6245,20.6054,47.7559,44.992,14.5203,44.354,-27.4703,41.8803,41.8924,28.6592,41.6114,22.3366,44.2474,56.9945,17.307,4.65681,47.5994,34.115,45.4359,32.1632,43.0448,36.5677,43.6004,4.19906,44.3243,41.8948,52.945,34.1067,27.6195,29.5604,60.4764,36.4629,71.03,22.5297,9.93061,32.1023,30.0179,32.6408,23.2796,9.01642), .Dim=c(103,2))
"n" <-
103
