"x" <-
structure(c(-13.0079,-13.0079,7.89208E-16,7.89208E-16,26,26,-12.9657,-12.9657,-2.36762E-15,-25.9744,-25.9923,25.9923,-4.61388E-15,1.53796E-15,1.53796E-15,12.9657,-13,-25.9744,-25.9744,13,13,13.0079,13.0079,13.0079,12.9657,12.9657,25.9923,25.9923,-25.9923,-25.9923,-26,-26,0,0,25.9744,25.9744,-12.9657,25.9744,25.9744,7.89208E-16,7.89208E-16,25.9744,13.0079,13,13,26,25.9744,25.9744,-25.9744,-4.61388E-15,12.9657,12.9657,13.0079,13.0079,-13,-13,-12.9657,-13.0079,25.9923,25.9923,25.9923,25.9923,-25.9923,-13.0079,-13.0079,-12.9657,-12.9657,0,-2.36762E-15,-2.36762E-15,-26,-25.9744,12.9657,1.53796E-15,-11.1661,-10.2887,3.54035,2.27744,26.252,29.7378,-8.82561,-12.7783,-1.72711,-27.4898,-27.8693,25.2712,-1.75559,1.8717,2.45265,16.8218,-20.7872,-25.8244,-30.6245,14.4662,17.2616,16.8416,19.1593,8.00368,14.9704,19.3619,32.9124,36.7925,-25.16,-29.0238,-21.7886,-27.907,-4.09223,-2.22105,29.631,33.3538,-21.1392,33.3915,34.9358,-1.29159,-1.23997,29.2455,12.3335,18.0922,21.7539,31.1436,25.302,29.2972,-27.793,-3.69248,12.7174,19.793,3.25394,19.6398,-15.1012,-20.8205,-19.2803,-18.2158,25.5309,26.4423,24.9695,28.3565,-23.0743,-14.8454,-16.2427,-11.8589,-19.0986,-0.556322,-3.85224,-1.34071,-30.04,-32.3408,14.8134,-4.59565), .Dim=c(74,2))
"n" <-
74
