"x" <-
structure(c(2.5,-10,12.5,20,-12.5,-12.5,7.5,-25,5,2.5,7.5,-7.5,-7.5,20,12.5,15,-10,-1.34567,-6.25014,0.080429,7.39592,-12.3056,-6.93007,1.30076,5.76243,-2.49087,4.37967,-1.6854,-5.6021,-5.1196,6.22388,-12.7967,4.42644,-1.54743), .Dim=c(17,2))
"n" <-
17
