"x" <-
structure(c(-12.3377,-13.3646,-12.7359,-13.3349,-11.5625,-11.4383,-11.5083,-15.7382,-11.8158,-11.1598,-15.7148,-10.9892,-7.36226,-7.33873,-11.3967,-13.753,-10.1283,-7.10867,-13.4862,-11.9871,-6.63754,-9.59601,-12.7886,-9.66204,-11.5563,-15.0082,-9.45182,-11.1621,-14.6052,-9.52948,-10.7902,-12.6211,-11.3463,-14.0299,-12.4972,-15.4532,-16.1197,-10.699,-11.3347,-12.3668,-14.8654,-13.8015,-13.8605,-16.4194,-9.31489,-8.05615,-13.9336,-8.84021,-16.1417,-16.7495,0.979646,0.814593,0.965617,0.967336,0.993335,0.990495,0.938247,0.989936,0.993225,0.80431,0.878256,0.291025,0.912553,0.848524,0.938523,0.811284,0.631675,0.249057,0.986772,0.85383,0.0855223,0.47897,0.898725,0.857609,0.813421,0.933961,0.962494,0.983088,0.956058,0.906955,0.523941,0.410224,0.858235,0.887265,0.760532,0.932299,0.798059,0.163613,0.0268027,0.3276,0.711146,0.614416,0.992231,0.978306,0.932818,0.460872,0.83317,0.533357,0.870544,0.935076), .Dim=c(50,2))
"n" <-
50
