"x" <-
structure(c(-20,-17.5,-10,20,0,12.5,30,2.5,2.5,-47.5,27.5,65,30,42.5,-15,30,42.5,80,-30,15,-12.5,35,80,20,-30,32.5,-12.5,-30,-7.5,7.5,-47.5,47.5,-30,45,10,2.5,12.5,-52.5,7.5,12.5,-30,-27.5,60,7.5,-57.5,-2.5,-35,-27.5,-22.5,-12.5,32.5,0,-30,22.5,55,-20,55,27.5,-22.5,30,22.5,30,55,-52.5,35,15,2.5,25,-57.5,12.5,-35,-5,-52.5,-40,17.5,7.5,12.5,-30,-12.5,-37.5,-55,-45,-57.5,-10,30,20,17.5,0,42.5,-55,77.5,-30,12.5,27.5,42.5,-37.5,45,50,-35,55,50,12.5,-12.5,15,-12.5,60,77.5,-5,0,-52.5,-12.5,57.5,25,-2.5,-35,-17.5,15,20,-57.5,47.5,-40,-12.5,-30,-47.5,-47.5,27.5,-30,-5,-10,30,-10,57.5,-45,-7.5,30,-15,0,-10,12.5,10,0,-10,65,-5,-32.5,2.5,37.5,-12.5,55,57.5,-35,-32.5,-55,-7.5,-42.5,10,-7.5,32.5,75,20,10,-35,-2.5,20,55,-12.5,60,-52.5,17.5,-20,25,32.5,-2.5,-7.5,50,5,-12.5,-15,0,-12.5,57.5,22.5,50,25,25,25,-7.5,-27.5,75,40,-42.5,0,37.5,2.5,-2.5,-32.5,32.5,5,20,2.5,0,-37.5,50,-40,-15,60,10,30,2.5,25,-12.5,0,75,5,2.5,25,-12.5,-52.5,22.5,-39.3987,-8.07688,10.5324,3.52331,-13.3327,-22.9976,-3.11151,-24.1812,-4.93585,-11.5724,-26.2657,-0.451112,-18.1114,1.88874,0.579521,2.85886,4.35835,29.3152,16.7073,-1.87265,-25.1718,-15.3728,9.2973,-10.8501,-13.978,-26.5559,1.60489,-6.13861,-7.0193,0.266268,-30.3641,-2.9453,-6.15271,-0.652517,-16.2301,-33.6165,-12.6659,-14.6334,-17.1259,-16.7219,14.6091,-13.0333,-15.8421,-16.2081,-24.5075,-19.1866,-20.0043,-22.9089,-17.3437,-3.5043,-2.30439,-9.10372,-20.7654,-21.5223,-12.3937,-22.6816,-25.5243,-12.3904,-11.5762,-14.4439,-24.5463,-16.1462,-15.2946,-21.1247,-21.7438,-2.51029,-23.3128,-10.6727,-42.8169,-26.7216,-35.4868,-1.46901,-29.3807,-25.0366,26.284,-26.2958,-34.4054,22.0297,-24.9788,-15.7489,-35.476,-27.4754,-28.936,-31.1978,-29.2988,-20.9919,15.5295,-24.3376,-21.3885,-39.8085,-23.6465,-0.506097,-21.5546,-11.3979,-19.3269,-22.0684,-29.2629,-28.6664,-17.0246,-15.0951,-19.6316,-18.9454,-11.2073,-20.6205,-14.694,-2.30624,-21.3673,-15.6863,-14.1144,-25.7533,10.2505,22.8868,-29.9013,-29.7899,-22.1646,-11.6075,3.71787,-11.3287,-46.9597,-6.12762,-24.9951,-6.99221,58.2729,-35.0231,-26.2888,-25.4365,-17.2882,16.9206,-21.6139,-0.457926,2.36269,43.7024,-27.955,23.5787,-11.2792,0.899369,15.2175,24.6877,12.4997,-5.00396,4.19009,9.91739,-4.35892,-25.7789,-31.4349,-11.1351,-22.2323,-16.9672,13.9398,27.4792,-19.1861,-27.6085,-40.2197,2.77565,-37.4254,-16.4503,-26.7374,-2.35315,-12.7244,4.70849,6.70404,-41.2174,-20.1458,16.2281,6.31504,21.1387,19.6943,-23.1568,-20.9741,-20.6057,10.2013,-2.27961,-25.6309,-22.4482,20.4144,-30.46,-22.7869,-24.4391,-10.9321,-29.6469,20.2406,1.33731,25.2144,6.12749,10.2922,16.4908,-24.9684,5.73882,29.1478,3.6472,-11.8791,-12.6509,-8.30761,5.78634,-14.1204,-23.7502,-5.99952,-12.2682,14.8451,-0.246051,17.407,-13.4097,20.6455,-20.9345,-3.95082,20.3238,14.2075,-2.98219,19.2676,-15.8979,-9.72458,12.1964,21.8268,-22.2081,6.44671,19.0923,-9.67226,-3.11533,30.5029), .Dim=c(219,2))
"n" <-
219
